30 7
1 8 3 8 7 5 4 7 
2 9 14 15 9 14 15 15 
3 16 17 22 16 20 20 18 
4 25 26 29 28 29 28 28 
5 36 31 31 35 31 32 30 
6 41 42 37 41 40 40 41 
7 48 46 49 46 44 48 45 
8 52 55 52 51 55 54 51 
9 59 62 63 59 61 62 58 
10 66 66 71 68 68 65 68 
11 78 77 72 74 75 78 77 
12 79 84 85 80 81 83 83 
13 89 89 89 91 87 88 90 
14 94 93 97 93 99 97 96 
15 104 100 103 100 105 106 103 
16 111 112 110 112 107 109 110 
17 116 118 119 119 116 119 115 
18 127 125 125 126 123 125 122 
19 130 134 134 133 129 130 129 
20 138 136 135 141 135 138 139 
21 143 144 147 144 142 147 144 
22 149 150 152 152 154 152 152 
23 161 162 160 162 158 159 157 
24 166 165 169 165 164 164 165 
25 174 174 171 171 171 172 174 
26 181 183 178 182 182 177 179 
27 188 188 184 185 189 185 188 
28 196 195 195 192 197 197 197 
29 200 200 198 199 199 198 198 
30 205 211 211 211 205 211 205 
